4.234725e+01
5.212672e-02
2.213116e-01
-6.465507e-01
-4.105691e-01
-8.362114e-01
-2.626823e+00
1.251081e-05
-1.465887e-05
-1.948341e-07
-1.190852e-08
-4.695160e-08
-3.933857e-10
2.051128e-02
2.690219e-02
1.527965e-02
4.883315e-01
-1.566635e+00
-1.007233e+01
1.387641e-03
-7.998207e-02
-4.644462e-02
-1.424408e-02
1.929071e-01
4.957674e-01
-5.079272e-02
-1.861175e-01
6.874293e-01
-2.998396e-03
-1.670330e+00
-1.173674e+00
-2.670517e-04
7.811437e-06
5.330286e-06
-1.397980e-06
1.237599e-08
6.668015e-09
-1.194800e-02
1.182077e-01
2.192753e-01
-1.214099e+00
-6.826068e+00
1.900676e+01
-3.146234e-03
6.370415e-02
1.900163e-01
5.958419e-02
-9.454758e-02
-4.362636e-01
-8.566972e-02
-2.280618e-01
5.262912e-01
8.385382e-02
-1.796137e+00
-2.454581e+00
6.502759e-05
-2.335502e-05
1.365680e-05
1.756128e-06
-7.690275e-08
2.138447e-08
-4.220967e-03
2.777516e-02
1.030199e-01
-2.554163e-02
-5.333807e+00
3.870602e+00
-3.355425e-03
-1.474539e-03
-1.112673e-01
4.413261e-02
2.001631e-01
2.858720e-01
-7.193641e-03
8.763198e-02
-2.127448e-01
-4.342407e-01
-5.492758e-01
1.643438e+00
-1.016794e-04
2.448788e-05
-2.139508e-07
-9.257544e-07
5.135659e-08
-2.121354e-10
8.044847e-03
1.475618e-01
-1.205970e-01
4.423702e-01
1.619085e+00
-2.162330e+00
8.738140e-04
8.270292e-02
2.465303e-01
2.627667e-02
-4.255535e-01
-2.299851e-01
-3.791395e-02
9.121970e-02
-3.041786e-01
9.902360e-02
-1.031310e+00
1.364180e+00
-4.964033e-05
7.089865e-05
-2.269137e-05
-3.782695e-07
2.569512e-07
-4.523546e-08
1.784265e-03
-2.763147e-02
-1.410541e-01
-8.498111e-01
1.120491e+00
-5.446080e+00
-1.029086e-03
-3.876800e-02
-2.263164e-02
-2.257029e-02
2.560929e-01
1.151371e-01
7.701272e-02
1.478510e-01
-3.961302e-01
-2.134233e-01
-1.223131e+00
3.541105e+00
6.156269e-04
-1.322309e-05
-1.533897e-05
3.437391e-06
-6.826359e-08
-2.405021e-08
-2.816390e-03
1.069397e-02
-2.165105e-01
3.580219e-01
-4.711669e+00
-5.538180e+00
3.852077e-03
1.337859e-02
1.684525e-02
-3.074936e-03
5.432123e-02
-1.157967e-01
-3.671663e-03
-2.163581e-02
5.696191e-01
-6.346255e-01
8.599516e-01
-2.637055e+00
5.115803e-04
-9.054554e-07
6.682145e-06
4.013666e-06
4.066258e-09
1.403206e-08
2.419390e-03
-3.087400e-02
1.189081e-01
-1.337208e+00
6.112181e+00
8.445918e+00
1.109634e-03
1.551160e-01
-3.140951e-01
3.262887e-02
-2.667482e-01
6.481137e-01
